Anio,Semestre,Poblacion_total,Nro_victimas,Tasa,Tasa_anterior,Diferencia
2016,1,3059122,66,2.16,0.0,0.0
2016,2,3059122,80,2.62,2.16,0.46
2017,1,3063728,76,2.48,2.62,-0.14
2017,2,3063728,79,2.58,2.48,0.1
2018,1,3068043,75,2.44,2.58,-0.14
2018,2,3068043,85,2.77,2.44,0.33
2019,1,3072029,59,1.92,2.77,-0.85
2019,2,3072029,46,1.5,1.92,-0.42
2020,1,3075646,30,0.98,1.5,-0.52
2020,2,3075646,56,1.82,0.98,0.84
2021,1,3078836,54,1.75,1.82,-0.07
2021,2,3078836,42,1.36,1.75,-0.39
